version https://git-lfs.github.com/spec/v1
oid sha256:174facd3e9a8b49f4cf8aad81fd6b0419987092c46025307a49d83290ef7d3a8
size 54174750
